2.061824337165047982e-01
2.225930516987613128e-01
2.373851133794036006e-01
3.371574982919571806e-01
3.417758377527848612e-01
3.492842335123884645e-01
3.613782620609722329e-01
3.803097561142121386e-01
3.864451946470870425e-01
4.019945606589445664e-01
4.177892386452739526e-01
4.364874021244879998e-01
4.643477697168374441e-01
5.129275141200440036e-01
5.183552681493768244e-01
5.561139151972798178e-01
5.758872103194594416e-01
6.314873235069673463e-01
6.353876342290529777e-01
6.358159911861527291e-01
6.512877449114162776e-01
6.637870278546040836e-01
6.916081076560813834e-01
7.002726577108082662e-01
7.021474317087585959e-01
7.091536827296214263e-01
7.102375099435549455e-01
7.131385358978250544e-01
7.242286511374054214e-01
7.273703942527918187e-01
7.397243885512982953e-01
7.457437875156698315e-01
7.484799908954196113e-01
7.532122363871320836e-01
7.576062882649883257e-01
7.647358711395095821e-01
7.700990216276553113e-01
7.746909078683683614e-01
7.755959010752455640e-01
7.844361864383315730e-01
7.872312799328193833e-01
7.908436016049755768e-01
7.953561638727102423e-01
7.994430635808909003e-01
8.062939571007052830e-01
8.082265246717754703e-01
8.119374088308162207e-01
8.194712547228462096e-01
8.213492314985408882e-01
8.253724596337728148e-01
8.321078437901938685e-01
8.341377432474701425e-01
8.356098312286435181e-01
8.402520436300384699e-01
8.445631958085040303e-01
8.464229743498534742e-01
8.478058156258738709e-01
8.487921335892736341e-01
8.525555179073458500e-01
8.566472782152187992e-01
8.585201418695125319e-01
8.608429827608361506e-01
8.629391494435587617e-01
8.661943599194292798e-01
8.678121993151395319e-01
8.716375283338246849e-01
8.754968699827401224e-01
8.772914461861156532e-01
8.782958122208712748e-01
8.827293297347214018e-01
8.848773476219553569e-01
8.869377095487547269e-01
8.913923891048614045e-01
8.933652257946815833e-01
8.955274946049978091e-01
8.967794198429615005e-01
9.012239544137021774e-01
9.027801153176857607e-01
9.072732519848205612e-01
9.093781678325536522e-01
9.117718198561888254e-01
9.137404253586078884e-01
9.169727210573885845e-01
9.220280101372360093e-01
9.244372069777495593e-01
9.274376400937471843e-01
9.306430545293895573e-01
9.340999116187471696e-01
9.363329660505805840e-01
9.420710510578009789e-01
9.452862988534722621e-01
9.458638383052868637e-01
9.501278889010102979e-01
9.551396981877251502e-01
9.570766421260676893e-01
9.598747468115578219e-01
9.659026863019946063e-01
9.665068493852519982e-01
9.676859902710233108e-01
9.700664084295869127e-01
9.716394297701678173e-01
9.729204255817238689e-01
9.779684972782118901e-01
9.791445289477642699e-01
9.832627616257574310e-01
9.852091450883591062e-01
9.884685918890028233e-01
9.902086871382334010e-01
9.913257805095410102e-01
9.966251386327065198e-01
9.978589883976829444e-01
9.989870669071461151e-01
1.000749711890177363e+00
1.006802734675480870e+00
1.008121625048629344e+00
1.009177578410225706e+00
1.011578112213848968e+00
1.014880679983501732e+00
1.019543450688661590e+00
1.023232901663471583e+00
1.023589791923784187e+00
1.026283911516903569e+00
1.026955268852575820e+00
1.028975855974707976e+00
1.032765242730024902e+00
1.034713148731365884e+00
1.037112588837843408e+00
1.038625099278049468e+00
1.041449225688525715e+00
1.041953293551421744e+00
1.044328130466699811e+00
1.048351778218209240e+00
1.049773245520021270e+00
1.051942493927243039e+00
1.055182249094265501e+00
1.056009537954592403e+00
1.060207644037888919e+00
1.062291553804563193e+00
1.067228163428002308e+00
1.069485960722996509e+00
1.071766708523627099e+00
1.074915433896090899e+00
1.076739639355489331e+00
1.078491105119952831e+00
1.081450393707391822e+00
1.085999250232033031e+00
1.091879618645706262e+00
1.092299450158265017e+00
1.093275012400875212e+00
1.096489002824681869e+00
1.099183160423776950e+00
1.099991381200810636e+00
1.106248085552629323e+00
1.108120168343037726e+00
1.111310035282734976e+00
1.115196688389347823e+00
1.119175927012474148e+00
1.120439187630971389e+00
1.123094920647775385e+00
1.127503720170867307e+00
1.129491061711660471e+00
1.138463376314533981e+00
1.140347552644587203e+00
1.142709685686083887e+00
1.145417713207342203e+00
1.150619276412825354e+00
1.151957247888614866e+00
1.162179237196700132e+00
1.167942962832557274e+00
1.175534218205970038e+00
1.180186959318796358e+00
1.187164119891402247e+00
1.188519439787176335e+00
1.192362607031033583e+00
1.199338639346581470e+00
1.201128119930720217e+00
1.217781122248569492e+00
1.227241658810288794e+00
1.234968673049904098e+00
1.245417017285968431e+00
1.249921157324023646e+00
1.257810477834524487e+00
1.274344434822743732e+00
1.282995577929172626e+00
1.300070069136083362e+00
1.312140864513691163e+00
1.328962625292213762e+00
1.350946905133885600e+00
1.405808402983709904e+00
1.450921053995325227e+00
1.533879711022312353e+00
1.595194690529878390e+00
1.610622345418586399e+00
1.645652017537925005e+00
1.666399435301170406e+00
1.703269296027523083e+00
1.771552797572845783e+00
1.793708888614188091e+00
1.865232710874826783e+00
1.877095893945854410e+00
2.212545484456443834e+00
2.718919173071310702e+00
3.041725454791938787e+00
4.137569327369060801e+00
