sid_index	SNP	Chr	GenDist	ChrPos	PValue	SnpWeight	SnpWeightSE	SnpFractVarExpl	Mixing	Nullh2
103	.	26	0	5086	0.000158826700447	-0.144707889037	0.0371760137935	0.325335360911	0.0	0.0
261	.	26	0	13050	0.000616662461435	-0.131839740052	0.0375480758801	0.296404914047	0.0	0.0
132	.	26	0	6149	0.0019573181147	-0.119722108187	0.0378638760647	0.269161795773	0.0	0.0
246	.	26	0	12510	0.0206766374813	-0.090196771967	0.0384979792162	0.202782305485	0.0	0.0
76	.	26	0	4009	0.0318981219133	-0.0837642883574	0.038611353308	0.188320658711	0.0	0.0
156	.	26	0	7469	0.0318981219133	-0.0837642883574	0.038611353308	0.188320658711	0.0	0.0
69	.	26	0	3544	0.0318981219133	-0.0837642883574	0.038611353308	0.188320658711	0.0	0.0
108	.	26	0	5290	0.046541827422	-0.0778013979844	0.0387086961142	0.174914761462	0.0	0.0
167	.	26	0	8276	0.046541827422	-0.0778013979844	0.0387086961142	0.174914761462	0.0	0.0
38	.	26	0	1917	0.0539147712243	-0.0753780802395	0.0387461375464	0.169466606849	0.0	0.0
165	.	26	0	8154	0.0539147712243	-0.0753780802395	0.0387461375464	0.169466606849	0.0	0.0
46	.	26	0	2136	0.0601297016606	-0.0735395847331	0.0387737297129	0.16533326206	0.0	0.0
274	.	26	0	14620	0.0852302391328	-0.0674053607333	0.0388607347918	0.151542168899	0.0	0.0
203	.	26	0	10840	0.0852302391328	-0.0674053607333	0.0388607347918	0.151542168899	0.0	0.0
10	.	26	0	839	0.0999393530024	-0.0644624679619	0.0388997240084	0.144925894636	0.0	0.0
61	.	26	0	2868	0.105123415252	0.063506951386	0.038912000928	0.142777681901	0.0	0.0
113	.	26	0	5461	0.105123415252	0.063506951386	0.038912000928	0.142777681901	0.0	0.0
225	.	26	0	11570	0.105123415252	0.063506951386	0.038912000928	0.142777681901	0.0	0.0
125	.	26	0	5960	0.117166284254	-0.0614219528681	0.0389381405502	0.138090143786	0.0	0.0
202	.	26	0	10814	0.144837608464	-0.0571947268481	0.0389884101941	0.128586404135	0.0	0.0
230	.	26	0	11836	0.147063400062	-0.0568823974992	0.0389919797648	0.127884218635	0.0	0.0
115	.	26	0	5480	0.147063400062	-0.0568823974992	0.0389919797648	0.127884218635	0.0	0.0
220	.	26	0	11443	0.159664480197	0.055178357769	0.0390111052082	0.124053160188	0.0	0.0
82	.	26	0	4227	0.159664480197	0.055178357769	0.0390111052082	0.124053160188	0.0	0.0
2	.	26	0	378	0.162059100487	0.0548660284202	0.0390145465937	0.123350974688	0.0	0.0
241	.	26	0	12302	0.162059100487	0.0548660284202	0.0390145465937	0.123350974688	0.0	0.0
189	.	26	0	9920	0.165531975307	-0.0544191204557	0.0390194363306	0.122346226675	0.0	0.0
248	.	26	0	12512	0.212732182226	-0.0489362912608	0.0390761256984	0.1100196132	0.0	0.0
34	.	26	0	1857	0.212732182226	-0.0489362912608	0.0390761256984	0.1100196132	0.0	0.0
55	.	26	0	2577	0.216351005838	-0.0485538038823	0.0390798530935	0.109159696923	0.0	0.0
81	.	26	0	4194	0.243019441559	0.0458659729011	0.0391052120368	0.103116858013	0.0	0.0
275	.	26	0	14666	0.249811954559	-0.0452146188013	0.0391111376798	0.101652469841	0.0	0.0
130	.	26	0	6106	0.254578994385	-0.0447647656342	0.0391151801883	0.100641100361	0.0	0.0
16	.	26	0	1154	0.290527222809	0.0415445280948	0.0391429265577	0.0934012936786	0.0	0.0
129	.	26	0	6047	0.290527222809	0.0415445280948	0.0391429265577	0.0934012936786	0.0	0.0
172	.	26	0	8876	0.290527222809	0.0415445280948	0.0391429265577	0.0934012936786	0.0	0.0
177	.	26	0	9065	0.290527222809	0.0415445280948	0.0391429265577	0.0934012936786	0.0	0.0
91	.	26	0	4616	0.290527222809	0.0415445280948	0.0391429265577	0.0934012936786	0.0	0.0
244	.	26	0	12381	0.290527222809	0.0415445280948	0.0391429265577	0.0934012936786	0.0	0.0
25	.	26	0	1512	0.290527222809	0.0415445280948	0.0391429265577	0.0934012936786	0.0	0.0
243	.	26	0	12345	0.290527222809	0.0415445280948	0.0391429265577	0.0934012936786	0.0	0.0
134	.	26	0	6308	0.290527222809	0.0415445280948	0.0391429265577	0.0934012936786	0.0	0.0
266	.	26	0	13561	0.290527222809	0.0415445280948	0.0391429265577	0.0934012936786	0.0	0.0
126	.	26	0	5969	0.293922716051	-0.0412545105765	0.0391453228676	0.0927492701114	0.0	0.0
142	.	26	0	6872	0.311345277896	-0.0398001697057	0.0391570842731	0.0894795899633	0.0	0.0
75	.	26	0	3892	0.323349551003	0.0388287867061	0.0391647029657	0.0872957059962	0.0	0.0
100	.	26	0	4954	0.323349551003	0.0388287867061	0.0391647029657	0.0872957059962	0.0	0.0
102	.	26	0	5063	0.327212379754	0.0385211705352	0.0391670760943	0.0866041167632	0.0	0.0
62	.	26	0	2919	0.327212379754	0.0385211705352	0.0391670760943	0.0866041167632	0.0	0.0
273	.	26	0	14572	0.327212379754	0.0385211705352	0.0391670760943	0.0866041167632	0.0	0.0
31	.	26	0	1812	0.333557678692	0.0380208768756	0.0391708950339	0.0854793458928	0.0	0.0
45	.	26	0	2071	0.339597961943	-0.0375502394641	0.0391744416907	0.0844212488318	0.0	0.0
251	.	26	0	12615	0.353510013603	0.036486031752	0.0391822973857	0.0820286743673	0.0	0.0
262	.	26	0	13196	0.354170426927	-0.0364361720173	0.0391826598605	0.0819165786488	0.0	0.0
222	.	26	0	11468	0.354170426927	-0.0364361720173	0.0391826598605	0.0819165786488	0.0	0.0
255	.	26	0	12834	0.354170426927	-0.0364361720173	0.0391826598605	0.0819165786488	0.0	0.0
196	.	26	0	10242	0.354170426927	-0.0364361720173	0.0391826598605	0.0819165786488	0.0	0.0
191	.	26	0	10088	0.367087548951	0.0354723601652	0.0391895686271	0.0797497162972	0.0	0.0
162	.	26	0	7901	0.372693043409	-0.0350606221255	0.0391924632151	0.0788240380592	0.0	0.0
231	.	26	0	11837	0.377202547024	0.0347321322871	0.0391947481672	0.0780855202019	0.0	0.0
131	.	26	0	6131	0.377202547024	0.0347321322871	0.0391947481672	0.0780855202019	0.0	0.0
107	.	26	0	5283	0.377202547024	0.0347321322871	0.0391947481672	0.0780855202019	0.0	0.0
41	.	26	0	1951	0.377202547024	0.0347321322871	0.0391947481672	0.0780855202019	0.0	0.0
170	.	26	0	8703	0.377202547024	0.0347321322871	0.0391947481672	0.0780855202019	0.0	0.0
153	.	26	0	7413	0.377202547024	0.0347321322871	0.0391947481672	0.0780855202019	0.0	0.0
98	.	26	0	4820	0.377202547024	0.0347321322871	0.0391947481672	0.0780855202019	0.0	0.0
104	.	26	0	5204	0.380162370367	0.0345178267085	0.0391962271971	0.0776037138317	0.0	0.0
198	.	26	0	10541	0.390551896714	0.0337734737678	0.03920129281	0.075930243683	0.0	0.0
109	.	26	0	5336	0.437207725008	0.0305678354786	0.0392218398967	0.0687232593457	0.0	0.0
122	.	26	0	5832	0.43896132454	0.0304513083537	0.0392225480402	0.0684612805795	0.0	0.0
209	.	26	0	11145	0.439850068046	-0.0303923520609	0.0392229052866	0.0683287337852	0.0	0.0
4	.	26	0	594	0.439850068046	-0.0303923520609	0.0392229052866	0.0683287337852	0.0	0.0
279	.	26	0	14769	0.439850068046	-0.0303923520609	0.0392229052866	0.0683287337852	0.0	0.0
67	.	26	0	3505	0.442869177348	0.0301925769182	0.0392241106545	0.0678795950508	0.0	0.0
236	.	26	0	12104	0.442869177348	0.0301925769182	0.0392241106545	0.0678795950508	0.0	0.0
223	.	26	0	11543	0.442869177348	0.0301925769182	0.0392241106545	0.0678795950508	0.0	0.0
37	.	26	0	1903	0.442869177348	0.0301925769182	0.0392241106545	0.0678795950508	0.0	0.0
39	.	26	0	1924	0.442869177348	0.0301925769182	0.0392241106545	0.0678795950508	0.0	0.0
160	.	26	0	7871	0.457141534757	0.0292583872203	0.0392296412296	0.0657793298575	0.0	0.0
144	.	26	0	6989	0.457141534757	0.0292583872203	0.0392296412296	0.0657793298575	0.0	0.0
281	.	26	0	14917	0.457141534757	0.0292583872203	0.0392296412296	0.0657793298575	0.0	0.0
111	.	26	0	5396	0.457141534757	0.0292583872203	0.0392296412296	0.0657793298575	0.0	0.0
174	.	26	0	8982	0.457141534757	0.0292583872203	0.0392296412296	0.0657793298575	0.0	0.0
195	.	26	0	10226	0.457141534757	0.0292583872203	0.0392296412296	0.0657793298575	0.0	0.0
70	.	26	0	3583	0.457141534757	0.0292583872203	0.0392296412296	0.0657793298575	0.0	0.0
259	.	26	0	12953	0.47799752938	0.0279218534142	0.0392372502633	0.0627745060635	0.0	0.0
257	.	26	0	12897	0.480996169087	-0.02773231984	0.0392383003848	0.0623483926415	0.0	0.0
148	.	26	0	7130	0.483342688309	0.0275844477075	0.0392391146924	0.062015943361	0.0	0.0
200	.	26	0	10670	0.483342688309	0.0275844477075	0.0392391146924	0.062015943361	0.0	0.0
237	.	26	0	12132	0.483534648488	0.027572367902	0.0392391810208	0.0619887852847	0.0	0.0
28	.	26	0	1716	0.500423790008	0.0265193756375	0.0392448507835	0.0596214256289	0.0	0.0
250	.	26	0	12546	0.500469239726	0.0265165675076	0.0392448656075	0.0596151123314	0.0	0.0
182	.	26	0	9522	0.512158159986	0.0257987241474	0.0392486033971	0.0580012415865	0.0	0.0
276	.	26	0	14697	0.512158159986	0.0257987241474	0.0392486033971	0.0580012415865	0.0	0.0
269	.	26	0	13723	0.512158159986	0.0257987241474	0.0392486033971	0.0580012415865	0.0	0.0
114	.	26	0	5471	0.512158159986	0.0257987241474	0.0392486033971	0.0580012415865	0.0	0.0
207	.	26	0	10966	0.512158159986	0.0257987241474	0.0392486033971	0.0580012415865	0.0	0.0
147	.	26	0	7103	0.51443392306	-0.0256599542709	0.0392493140961	0.057689256192	0.0	0.0
168	.	26	0	8313	0.523718379271	0.0250970445297	0.0392521575548	0.0564237105121	0.0	0.0
86	.	26	0	4420	0.523718379271	0.0250970445297	0.0392521575548	0.0564237105121	0.0	0.0
215	.	26	0	11335	0.539143983859	-0.0241728375542	0.0392566888484	0.0543458886882	0.0	0.0
265	.	26	0	13478	0.549359073634	-0.0235680230315	0.0392595618967	0.0529861317852	0.0	0.0
240	.	26	0	12282	0.549359073634	-0.0235680230315	0.0392595618967	0.0529861317852	0.0	0.0
229	.	26	0	11729	0.552753801734	0.0233682478888	0.0392604948491	0.0525369930508	0.0	0.0
164	.	26	0	7950	0.553983423283	0.0232960332854	0.0392608301324	0.05237463864	0.0	0.0
263	.	26	0	13199	0.553983423283	0.0232960332854	0.0392608301324	0.05237463864	0.0	0.0
18	.	26	0	1210	0.562276270027	-0.0228110053113	0.0392630550927	0.0512841884091	0.0	0.0
56	.	26	0	2623	0.563111033786	-0.0227623725545	0.0392632755959	0.0511748512086	0.0	0.0
51	.	26	0	2223	0.567512528484	-0.0225065097587	0.0392644279184	0.0505996150168	0.0	0.0
218	.	26	0	11416	0.567512528484	-0.0225065097587	0.0392644279184	0.0505996150168	0.0	0.0
183	.	26	0	9620	0.572127531704	0.0222392418617	0.0392656176604	0.0499987376332	0.0	0.0
0	.	26	0	23	0.572127531704	0.0222392418617	0.0392656176604	0.0499987376332	0.0	0.0
3	.	26	0	473	0.572127531704	0.0222392418617	0.0392656176604	0.0499987376332	0.0	0.0
12	.	26	0	867	0.576736109792	-0.0219733544005	0.0392667871194	0.049400963775	0.0	0.0
267	.	26	0	13562	0.576736109792	-0.0219733544005	0.0392667871194	0.049400963775	0.0	0.0
99	.	26	0	4931	0.582635618299	0.0216344273389	0.0392682573883	0.0486389807302	0.0	0.0
278	.	26	0	14764	0.590547276863	0.0211823740187	0.039270182747	0.0476226648193	0.0	0.0
239	.	26	0	12157	0.59165804586	0.0211191292932	0.0392704488659	0.0474804766791	0.0	0.0
17	.	26	0	1191	0.606583569786	0.0202744282069	0.0392739267151	0.0455814016903	0.0	0.0
192	.	26	0	10099	0.65074131896	0.0178267137781	0.0392832014856	0.0400783979327	0.0	0.0
228	.	26	0	11606	0.65074131896	0.0178267137781	0.0392832014856	0.0400783979327	0.0	0.0
88	.	26	0	4431	0.65306813405	0.0176996864928	0.0392836502299	0.0397928124821	0.0	0.0
145	.	26	0	7041	0.654274356705	-0.0176339071676	0.0392838813427	0.039644926001	0.0	0.0
93	.	26	0	4628	0.686746393765	0.0158805754361	0.039289723994	0.0357030482259	0.0	0.0
74	.	26	0	3756	0.697531691823	0.0153052087398	0.0392915079025	0.034409496554	0.0	0.0
15	.	26	0	1100	0.703891616892	0.0149674396685	0.0392925244461	0.0336501169276	0.0	0.0
133	.	26	0	6257	0.703891616892	0.0149674396685	0.0392925244461	0.0336501169276	0.0	0.0
127	.	26	0	5971	0.703891616892	0.0149674396685	0.0392925244461	0.0336501169276	0.0	0.0
85	.	26	0	4354	0.705881161778	0.0148620013197	0.0392928371203	0.0334130681842	0.0	0.0
171	.	26	0	8716	0.705881161778	0.0148620013197	0.0392928371203	0.0334130681842	0.0	0.0
116	.	26	0	5500	0.716034882407	0.0143255113782	0.0392943937909	0.0322069200612	0.0	0.0
208	.	26	0	11128	0.716034882407	0.0143255113782	0.0392943937909	0.0322069200612	0.0	0.0
252	.	26	0	12682	0.716034882407	0.0143255113782	0.0392943937909	0.0322069200612	0.0	0.0
258	.	26	0	12898	0.716034882407	0.0143255113782	0.0392943937909	0.0322069200612	0.0	0.0
53	.	26	0	2349	0.716034882407	0.0143255113782	0.0392943937909	0.0322069200612	0.0	0.0
233	.	26	0	11961	0.727265473995	-0.0137351648271	0.0392960405327	0.0308796903604	0.0	0.0
151	.	26	0	7270	0.727265473995	-0.0137351648271	0.0392960405327	0.0308796903604	0.0	0.0
42	.	26	0	1986	0.727265473995	-0.0137351648271	0.0392960405327	0.0308796903604	0.0	0.0
211	.	26	0	11208	0.728920669195	0.0136484185219	0.0392962766627	0.0306846654679	0.0	0.0
242	.	26	0	12322	0.728920669195	0.0136484185219	0.0392962766627	0.0306846654679	0.0	0.0
216	.	26	0	11356	0.731079231989	0.0135353896844	0.0392965820891	0.0304305516259	0.0	0.0
150	.	26	0	7232	0.731079231989	0.0135353896844	0.0392965820891	0.0304305516259	0.0	0.0
24	.	26	0	1477	0.731079231989	0.0135353896844	0.0392965820891	0.0304305516259	0.0	0.0
57	.	26	0	2652	0.731079231989	0.0135353896844	0.0392965820891	0.0304305516259	0.0	0.0
186	.	26	0	9784	0.736165281907	-0.0132695022232	0.0392972905457	0.0298327777676	0.0	0.0
117	.	26	0	5524	0.736165281907	-0.0132695022232	0.0392972905457	0.0298327777676	0.0	0.0
96	.	26	0	4694	0.736165281907	-0.0132695022232	0.0392972905457	0.0298327777676	0.0	0.0
52	.	26	0	2250	0.73957898661	-0.0130913767992	0.0392977572917	0.0294323123922	0.0	0.0
20	.	26	0	1336	0.753982467367	0.0123426699847	0.0392996501106	0.0277490537716	0.0	0.0
157	.	26	0	7708	0.771258687052	-0.0114503911664	0.0393017602473	0.0257430135115	0.0	0.0
32	.	26	0	1814	0.781440490549	0.0109272604736	0.0393029237471	0.0245668999361	0.0	0.0
23	.	26	0	1476	0.781440490549	0.0109272604736	0.0393029237471	0.0245668999361	0.0	0.0
247	.	26	0	12511	0.804558833201	0.00974635143625	0.0393053501034	0.0219119550645	0.0	0.0
268	.	26	0	13650	0.804558833201	0.00974635143625	0.0393053501034	0.0219119550645	0.0	0.0
58	.	26	0	2661	0.809763984258	-0.00948169428946	0.03930585584	0.0213169472254	0.0	0.0
6	.	26	0	702	0.811924248901	-0.00937197992632	0.0393060614107	0.0210702850554	0.0	0.0
143	.	26	0	6977	0.811924248901	-0.00937197992632	0.0393060614107	0.0210702850554	0.0	0.0
77	.	26	0	4088	0.824322238264	-0.00874367818186	0.0393071925514	0.0196577236798	0.0	0.0
40	.	26	0	1929	0.830862605348	-0.00841312127592	0.0393077561467	0.0189145585973	0.0	0.0
190	.	26	0	9991	0.830862605348	-0.00841312127592	0.0393077561467	0.0189145585973	0.0	0.0
5	.	26	0	671	0.830862605348	-0.00841312127592	0.0393077561467	0.0189145585973	0.0	0.0
110	.	26	0	5347	0.830862605348	-0.00841312127592	0.0393077561467	0.0189145585973	0.0	0.0
29	.	26	0	1779	0.830862605348	-0.00841312127592	0.0393077561467	0.0189145585973	0.0	0.0
197	.	26	0	10390	0.830862605348	-0.00841312127592	0.0393077561467	0.0189145585973	0.0	0.0
26	.	26	0	1674	0.830862605348	-0.00841312127592	0.0393077561467	0.0189145585973	0.0	0.0
7	.	26	0	710	0.830862605348	-0.00841312127592	0.0393077561467	0.0189145585973	0.0	0.0
8	.	26	0	735	0.830862605348	-0.00841312127592	0.0393077561467	0.0189145585973	0.0	0.0
235	.	26	0	12092	0.830862605348	-0.00841312127592	0.0393077561467	0.0189145585973	0.0	0.0
35	.	26	0	1861	0.830862605348	-0.00841312127592	0.0393077561467	0.0189145585973	0.0	0.0
49	.	26	0	2187	0.830862605348	-0.00841312127592	0.0393077561467	0.0189145585973	0.0	0.0
13	.	26	0	1068	0.830862605348	-0.00841312127592	0.0393077561467	0.0189145585973	0.0	0.0
213	.	26	0	11266	0.830862605348	-0.00841312127592	0.0393077561467	0.0189145585973	0.0	0.0
63	.	26	0	2964	0.830862605348	-0.00841312127592	0.0393077561467	0.0189145585973	0.0	0.0
254	.	26	0	12805	0.830862605348	-0.00841312127592	0.0393077561467	0.0189145585973	0.0	0.0
260	.	26	0	13049	0.830862605348	-0.00841312127592	0.0393077561467	0.0189145585973	0.0	0.0
224	.	26	0	11561	0.830862605348	-0.00841312127592	0.0393077561467	0.0189145585973	0.0	0.0
48	.	26	0	2160	0.830862605348	-0.00841312127592	0.0393077561467	0.0189145585973	0.0	0.0
112	.	26	0	5419	0.830862605348	-0.00841312127592	0.0393077561467	0.0189145585973	0.0	0.0
97	.	26	0	4762	0.830862605348	-0.00841312127592	0.0393077561467	0.0189145585973	0.0	0.0
137	.	26	0	6626	0.830862605348	-0.00841312127592	0.0393077561467	0.0189145585973	0.0	0.0
90	.	26	0	4599	0.830862605348	-0.00841312127592	0.0393077561467	0.0189145585973	0.0	0.0
161	.	26	0	7889	0.830862605348	-0.00841312127592	0.0393077561467	0.0189145585973	0.0	0.0
120	.	26	0	5644	0.830862605348	-0.00841312127592	0.0393077561467	0.0189145585973	0.0	0.0
105	.	26	0	5212	0.830862605348	-0.00841312127592	0.0393077561467	0.0189145585973	0.0	0.0
72	.	26	0	3685	0.830862605348	-0.00841312127592	0.0393077561467	0.0189145585973	0.0	0.0
149	.	26	0	7181	0.830862605348	-0.00841312127592	0.0393077561467	0.0189145585973	0.0	0.0
176	.	26	0	9045	0.830862605348	-0.00841312127592	0.0393077561467	0.0189145585973	0.0	0.0
68	.	26	0	3517	0.830862605348	-0.00841312127592	0.0393077561467	0.0189145585973	0.0	0.0
92	.	26	0	4620	0.830862605348	-0.00841312127592	0.0393077561467	0.0189145585973	0.0	0.0
193	.	26	0	10150	0.851133174939	0.00739222941054	0.0393093596018	0.0166193677429	0.0	0.0
101	.	26	0	5021	0.851238791063	0.00738692365743	0.039309367394	0.0166074392357	0.0	0.0
123	.	26	0	5937	0.860726292092	-0.00691083579763	0.0393100438123	0.0155370883604	0.0	0.0
83	.	26	0	4246	0.860726292092	-0.00691083579763	0.0393100438123	0.0155370883604	0.0	0.0
47	.	26	0	2151	0.881878248776	0.00585289764539	0.0393113856102	0.0131586092541	0.0	0.0
187	.	26	0	9808	0.883302309976	-0.00578182977047	0.0393114677722	0.0129988329428	0.0	0.0
185	.	26	0	9761	0.899617005093	0.0049689116656	0.0393123361749	0.0111712131302	0.0	0.0
9	.	26	0	791	0.904608647015	-0.00472062440638	0.0393125752241	0.0106130084212	0.0	0.0
238	.	26	0	12145	0.905425973972	-0.00467998798664	0.0393126131818	0.0105216487561	0.0	0.0
33	.	26	0	1836	0.906790123941	0.00461217518772	0.0393126757936	0.010369190576	0.0	0.0
205	.	26	0	10868	0.915277388673	0.00419056309874	0.0393130445642	0.00942131328994	0.0	0.0
179	.	26	0	9188	0.926755012128	0.00362114713177	0.0393134865381	0.00814114017459	0.0	0.0
118	.	26	0	5545	0.932198607801	-0.00335135351188	0.0393136734503	0.00753458440711	0.0	0.0
226	.	26	0	11571	0.932198607801	-0.00335135351188	0.0393136734503	0.00753458440711	0.0	0.0
87	.	26	0	4422	0.939115389326	-0.00300876871199	0.0393138899458	0.00676437795702	0.0	0.0
272	.	26	0	14152	0.944412899407	-0.00274653898916	0.0393140399017	0.00617482750413	0.0	0.0
155	.	26	0	7424	0.96220236767	-0.00186676362929	0.0393144431698	0.00419689778566	0.0	0.0
206	.	26	0	10898	0.969841856931	0.00148926143554	0.0393145690484	0.00334818930636	0.0	0.0
89	.	26	0	4592	0.971289200577	0.00141775781931	0.0393145897014	0.00318743335209	0.0	0.0
163	.	26	0	7907	0.971289200577	0.00141775781931	0.0393145897014	0.00318743335209	0.0	0.0
54	.	26	0	2407	0.971289200577	0.00141775781931	0.0393145897014	0.00318743335209	0.0	0.0
188	.	26	0	9885	0.971289200577	0.00141775781931	0.0393145897014	0.00318743335209	0.0	0.0
217	.	26	0	11384	0.975541145169	0.00120772336603	0.0393146444919	0.00271522941686	0.0	0.0
219	.	26	0	11439	0.978886436312	0.00104249925896	0.0393146814325	0.00234376905722	0.0	0.0
175	.	26	0	9006	0.981644681703	0.000906283130747	0.0393147078078	0.00203752505402	0.0	0.0
249	.	26	0	12519	1.0	0.0	inf	0.0	0.0	0.0
21	.	26	0	1426	1.0	0.0	inf	0.0	0.0	0.0
136	.	26	0	6621	1.0	0.0	inf	0.0	0.0	0.0
138	.	26	0	6650	1.0	0.0	inf	0.0	0.0	0.0
245	.	26	0	12466	1.0	0.0	inf	0.0	0.0	0.0
139	.	26	0	6669	1.0	0.0	inf	0.0	0.0	0.0
280	.	26	0	14838	1.0	0.0	inf	0.0	0.0	0.0
22	.	26	0	1427	1.0	0.0	inf	0.0	0.0	0.0
135	.	26	0	6392	1.0	0.0	inf	0.0	0.0	0.0
178	.	26	0	9144	1.0	0.0	inf	0.0	0.0	0.0
19	.	26	0	1314	1.0	0.0	inf	0.0	0.0	0.0
1	.	26	0	274	1.0	0.0	inf	0.0	0.0	0.0
106	.	26	0	5258	1.0	0.0	inf	0.0	0.0	0.0
277	.	26	0	14701	1.0	0.0	inf	0.0	0.0	0.0
119	.	26	0	5629	1.0	0.0	inf	0.0	0.0	0.0
271	.	26	0	14023	1.0	0.0	inf	0.0	0.0	0.0
270	.	26	0	13920	1.0	0.0	inf	0.0	0.0	0.0
121	.	26	0	5774	1.0	0.0	inf	0.0	0.0	0.0
11	.	26	0	866	1.0	0.0	inf	0.0	0.0	0.0
264	.	26	0	13217	1.0	0.0	inf	0.0	0.0	0.0
124	.	26	0	5943	1.0	0.0	inf	0.0	0.0	0.0
14	.	26	0	1077	1.0	0.0	inf	0.0	0.0	0.0
128	.	26	0	6008	1.0	0.0	inf	0.0	0.0	0.0
95	.	26	0	4671	1.0	0.0	inf	0.0	0.0	0.0
94	.	26	0	4668	1.0	0.0	inf	0.0	0.0	0.0
256	.	26	0	12860	1.0	0.0	inf	0.0	0.0	0.0
253	.	26	0	12775	1.0	0.0	inf	0.0	0.0	0.0
141	.	26	0	6797	1.0	0.0	inf	0.0	0.0	0.0
36	.	26	0	1866	1.0	0.0	inf	0.0	0.0	0.0
146	.	26	0	7058	1.0	0.0	inf	0.0	0.0	0.0
204	.	26	0	10850	1.0	0.0	inf	0.0	0.0	0.0
166	.	26	0	8226	1.0	0.0	inf	0.0	0.0	0.0
73	.	26	0	3686	1.0	0.0	inf	0.0	0.0	0.0
201	.	26	0	10715	1.0	0.0	inf	0.0	0.0	0.0
199	.	26	0	10613	1.0	0.0	inf	0.0	0.0	0.0
169	.	26	0	8443	1.0	0.0	inf	0.0	0.0	0.0
71	.	26	0	3596	1.0	0.0	inf	0.0	0.0	0.0
50	.	26	0	2190	1.0	0.0	inf	0.0	0.0	0.0
59	.	26	0	2662	1.0	0.0	inf	0.0	0.0	0.0
173	.	26	0	8976	1.0	0.0	inf	0.0	0.0	0.0
60	.	26	0	2862	1.0	0.0	inf	0.0	0.0	0.0
184	.	26	0	9694	1.0	0.0	inf	0.0	0.0	0.0
64	.	26	0	2995	1.0	0.0	inf	0.0	0.0	0.0
65	.	26	0	3104	1.0	0.0	inf	0.0	0.0	0.0
181	.	26	0	9338	1.0	0.0	inf	0.0	0.0	0.0
180	.	26	0	9336	1.0	0.0	inf	0.0	0.0	0.0
194	.	26	0	10177	1.0	0.0	inf	0.0	0.0	0.0
27	.	26	0	1696	1.0	0.0	inf	0.0	0.0	0.0
78	.	26	0	4096	1.0	0.0	inf	0.0	0.0	0.0
79	.	26	0	4098	1.0	0.0	inf	0.0	0.0	0.0
30	.	26	0	1789	1.0	0.0	inf	0.0	0.0	0.0
234	.	26	0	12039	1.0	0.0	inf	0.0	0.0	0.0
152	.	26	0	7298	1.0	0.0	inf	0.0	0.0	0.0
232	.	26	0	11931	1.0	0.0	inf	0.0	0.0	0.0
84	.	26	0	4258	1.0	0.0	inf	0.0	0.0	0.0
66	.	26	0	3471	1.0	0.0	inf	0.0	0.0	0.0
154	.	26	0	7423	1.0	0.0	inf	0.0	0.0	0.0
210	.	26	0	11201	1.0	0.0	inf	0.0	0.0	0.0
227	.	26	0	11596	1.0	0.0	inf	0.0	0.0	0.0
43	.	26	0	1988	1.0	0.0	inf	0.0	0.0	0.0
221	.	26	0	11459	1.0	0.0	inf	0.0	0.0	0.0
44	.	26	0	2041	1.0	0.0	inf	0.0	0.0	0.0
159	.	26	0	7854	1.0	0.0	inf	0.0	0.0	0.0
80	.	26	0	4187	1.0	0.0	inf	0.0	0.0	0.0
214	.	26	0	11299	1.0	0.0	inf	0.0	0.0	0.0
212	.	26	0	11261	1.0	0.0	inf	0.0	0.0	0.0
158	.	26	0	7709	1.0	0.0	inf	0.0	0.0	0.0
140	.	26	0	6721	1.0	0.0	inf	0.0	0.0	0.0
